# Camera paramters. imgSize, rvec, tvec, cmat (flatten), dvec
  1.2000000000000000e+03
  6.7400000000000000e+02
 -3.4612302825766805e-01
 -1.7414819483209992e-01
  2.0790240181415625e+00
  1.6689057007751035e+02
 -9.6773169376643366e+01
  1.4921720310009844e+03
  1.6731430450397656e+03
  0.0000000000000000e+00
  5.7720070833636419e+02
  0.0000000000000000e+00
  1.6643389779272914e+03
  3.4588056073049506e+02
  0.0000000000000000e+00
  0.0000000000000000e+00
  1.0000000000000000e+00
  5.3799357131332146e-02
  0.0000000000000000e+00
  0.0000000000000000e+00
  0.0000000000000000e+00
  0.0000000000000000e+00
# # Image size (width, height) is (1200, 674)
# # rvec_x =  -3.4612302825766805e-01
# # rvec_y =  -1.7414819483209992e-01
# # rvec_z =   2.0790240181415625e+00
# # tvec_x =   1.6689057007751035e+02
# # tvec_y =  -9.6773169376643366e+01
# # tvec_z =   1.4921720310009844e+03
# # r44 matrix:
# #    -4.7693362403250822e-01  -8.2069618594632676e-01  -3.1463008222414218e-01   1.6689057007751035e+02
# #     8.6160198274016919e-01  -5.0729350690615616e-01   1.7184911668756450e-02  -9.6773169376643366e+01
# #    -1.7371338925203034e-01  -2.6288984047316472e-01   9.4905879173556318e-01   1.4921720310009844e+03
# #     0.0000000000000000e+00   0.0000000000000000e+00   0.0000000000000000e+00   1.0000000000000000e+00
# # inverse of r44 matrix:
# #    -4.7693362403250822e-01   8.6160198274016908e-01  -1.7371338925203028e-01   4.2218593986715092e+02
# #    -8.2069618594632676e-01  -5.0729350690615627e-01  -2.6288984047316477e-01   4.8015092105388703e+02
# #    -3.1463008222414213e-01   1.7184911668756481e-02   9.4905879173556273e-01  -1.3619871526498305e+03
# #     0.0000000000000000e+00   0.0000000000000000e+00   0.0000000000000000e+00   1.0000000000000000e+00
# # fx =   1.6731430450397656e+03 (pixels)
# # fy =   1.6643389779272914e+03 (pixels)
# # cx =   5.7720070833636419e+02 (pixels)
# # cy =   3.4588056073049506e+02 (pixels)
# # k1 =   5.3799357131332146e-02
# # k2 =   0.0000000000000000e+00
# # p1 =   0.0000000000000000e+00
# # p2 =   0.0000000000000000e+00
# 
