# Camera paramters. imgSize, rvec, tvec, cmat (flatten), dvec
  1.2000000000000000e+03
  6.7400000000000000e+02
 -3.9850792600868025e-02
 -7.2071382705173037e-01
  2.3918276650724395e+00
  3.0076917942379794e+02
  1.3321331968474584e+02
  1.6118958029248029e+03
  1.6731430450397656e+03
  0.0000000000000000e+00
  5.7720070833636419e+02
  0.0000000000000000e+00
  1.6643389779272914e+03
  3.4588056073049506e+02
  0.0000000000000000e+00
  0.0000000000000000e+00
  1.0000000000000000e+00
  5.3799357131332146e-02
  0.0000000000000000e+00
  0.0000000000000000e+00
  0.0000000000000000e+00
  0.0000000000000000e+00
# # Image size (width, height) is (1200, 674)
# # rvec_x =  -3.9850792600868025e-02
# # rvec_y =  -7.2071382705173037e-01
# # rvec_z =   2.3918276650724395e+00
# # tvec_x =   3.0076917942379794e+02
# # tvec_y =   1.3321331968474584e+02
# # tvec_z =   1.6118958029248029e+03
# # r44 matrix:
# #    -7.9970944564333102e-01  -5.6591597120856318e-01  -2.0050914213547708e-01   3.0076917942379794e+02
# #     5.8248240265913898e-01  -6.5036295252045173e-01  -4.8758822850979239e-01   1.3321331968474584e+02
# #     1.4553024820041013e-01  -5.0672195878997539e-01   8.4973749083983485e-01   1.6118958029248029e+03
# #     0.0000000000000000e+00   0.0000000000000000e+00   0.0000000000000000e+00   1.0000000000000000e+00
# # inverse of r44 matrix:
# #    -7.9970944564333113e-01   5.8248240265913886e-01   1.4553024820041011e-01  -7.1646057045411581e+01
# #    -5.6591597120856318e-01  -6.5036295252045162e-01  -5.0672195878997506e-01   1.0736300888118390e+03
# #    -2.0050914213547705e-01  -4.8758822850979205e-01   8.4973749083983396e-01  -1.2444280783665306e+03
# #     0.0000000000000000e+00   0.0000000000000000e+00   0.0000000000000000e+00   1.0000000000000000e+00
# # fx =   1.6731430450397656e+03 (pixels)
# # fy =   1.6643389779272914e+03 (pixels)
# # cx =   5.7720070833636419e+02 (pixels)
# # cy =   3.4588056073049506e+02 (pixels)
# # k1 =   5.3799357131332146e-02
# # k2 =   0.0000000000000000e+00
# # p1 =   0.0000000000000000e+00
# # p2 =   0.0000000000000000e+00
# 
