# Camera paramters. imgSize, rvec, tvec, cmat (flatten), dvec
  1.2000000000000000e+03
  6.7400000000000000e+02
 -1.9707802155774924e-02
 -4.6579185602830547e-01
  2.0896804034641216e+00
  3.5685039944431077e+02
  4.0294558085499752e+01
  1.6001013232709445e+03
  1.6731430450397656e+03
  0.0000000000000000e+00
  5.7720070833636419e+02
  0.0000000000000000e+00
  1.6643389779272914e+03
  3.4588056073049506e+02
  0.0000000000000000e+00
  0.0000000000000000e+00
  1.0000000000000000e+00
  5.3799357131332146e-02
  0.0000000000000000e+00
  0.0000000000000000e+00
  0.0000000000000000e+00
  0.0000000000000000e+00
# # Image size (width, height) is (1200, 674)
# # rvec_x =  -1.9707802155774924e-02
# # rvec_y =  -4.6579185602830547e-01
# # rvec_z =   2.0896804034641216e+00
# # tvec_x =   3.5685039944431077e+02
# # tvec_y =   4.0294558085499752e+01
# # tvec_z =   1.6001013232709445e+03
# # r44 matrix:
# #    -5.3971897300788985e-01  -8.1848013712623580e-01  -1.9696115176634973e-01   3.5685039944431077e+02
# #     8.2464726381220377e-01  -4.6696974037256367e-01  -3.1921176648649113e-01   4.0294558085499752e+01
# #     1.6929359250235779e-01  -3.3470812166154379e-01   9.2698983426542858e-01   1.6001013232709445e+03
# #     0.0000000000000000e+00   0.0000000000000000e+00   0.0000000000000000e+00   1.0000000000000000e+00
# # inverse of r44 matrix:
# #    -5.3971897300788974e-01   8.2464726381220377e-01   1.6929359250235779e-01  -1.1151676735050533e+02
# #    -8.1848013712623569e-01  -4.6696974037256372e-01  -3.3470812166154384e-01   8.4645821157851310e+02
# #    -1.9696115176634971e-01  -3.1921176648649119e-01   9.2698983426542869e-01  -1.4001294977177276e+03
# #     0.0000000000000000e+00   0.0000000000000000e+00   0.0000000000000000e+00   1.0000000000000000e+00
# # fx =   1.6731430450397656e+03 (pixels)
# # fy =   1.6643389779272914e+03 (pixels)
# # cx =   5.7720070833636419e+02 (pixels)
# # cy =   3.4588056073049506e+02 (pixels)
# # k1 =   5.3799357131332146e-02
# # k2 =   0.0000000000000000e+00
# # p1 =   0.0000000000000000e+00
# # p2 =   0.0000000000000000e+00
# 
