# Camera paramters. imgSize, rvec, tvec, cmat (flatten), dvec
  1.2000000000000000e+03
  6.7400000000000000e+02
 -4.7635151323399703e-02
 -5.1795181924520362e-01
  1.2961707945345813e+00
  2.5555475701675238e+02
 -1.0854424130212797e+01
  1.5558745177459723e+03
  1.6731430450397656e+03
  0.0000000000000000e+00
  5.7720070833636419e+02
  0.0000000000000000e+00
  1.6643389779272914e+03
  3.4588056073049506e+02
  0.0000000000000000e+00
  0.0000000000000000e+00
  1.0000000000000000e+00
  5.3799357131332146e-02
  0.0000000000000000e+00
  0.0000000000000000e+00
  0.0000000000000000e+00
  0.0000000000000000e+00
# # Image size (width, height) is (1200, 674)
# # rvec_x =  -4.7635151323399703e-02
# # rvec_y =  -5.1795181924520362e-01
# # rvec_z =   1.2961707945345813e+00
# # tvec_x =   2.5555475701675238e+02
# # tvec_y =  -1.0854424130212797e+01
# # tvec_z =   1.5558745177459723e+03
# # r44 matrix:
# #     1.7423948435306039e-01  -9.0356811194368458e-01  -3.9141444680913939e-01   2.5555475701675238e+02
# #     9.2448214909718407e-01   2.8698018614833698e-01  -2.5094845837127144e-01  -1.0854424130212797e+01
# #     3.3907721553214321e-01  -3.1813053898799282e-01   8.8533586963941424e-01   1.5558745177459723e+03
# #     0.0000000000000000e+00   0.0000000000000000e+00   0.0000000000000000e+00   1.0000000000000000e+00
# # inverse of r44 matrix:
# #     1.7423948435306041e-01   9.2448214909718407e-01   3.3907721553214321e-01  -5.6205460693417967e+02
# #    -9.0356811194368458e-01   2.8698018614833698e-01  -3.1813053898799282e-01   7.2899733288148514e+02
# #    -3.9141444680913934e-01  -2.5094845837127144e-01   8.8533586963941413e-01  -1.2801675963732632e+03
# #     0.0000000000000000e+00   0.0000000000000000e+00   0.0000000000000000e+00   1.0000000000000000e+00
# # fx =   1.6731430450397656e+03 (pixels)
# # fy =   1.6643389779272914e+03 (pixels)
# # cx =   5.7720070833636419e+02 (pixels)
# # cy =   3.4588056073049506e+02 (pixels)
# # k1 =   5.3799357131332146e-02
# # k2 =   0.0000000000000000e+00
# # p1 =   0.0000000000000000e+00
# # p2 =   0.0000000000000000e+00
# 
