# Camera paramters. imgSize, rvec, tvec, cmat (flatten), dvec
  1.2000000000000000e+03
  6.7400000000000000e+02
  4.4043729674462917e-01
  5.0715403922980140e-01
 -3.0169870254208577e+00
  2.4139895740145036e+02
  1.9665609300345619e+02
  1.6277864510094550e+03
  1.6731430450397656e+03
  0.0000000000000000e+00
  5.7720070833636419e+02
  0.0000000000000000e+00
  1.6643389779272914e+03
  3.4588056073049506e+02
  0.0000000000000000e+00
  0.0000000000000000e+00
  1.0000000000000000e+00
  5.3799357131332146e-02
  0.0000000000000000e+00
  0.0000000000000000e+00
  0.0000000000000000e+00
  0.0000000000000000e+00
# # Image size (width, height) is (1200, 674)
# # rvec_x =   4.4043729674462917e-01
# # rvec_y =   5.0715403922980140e-01
# # rvec_z =  -3.0169870254208577e+00
# # tvec_x =   2.4139895740145036e+02
# # tvec_y =   1.9665609300345619e+02
# # tvec_z =   1.6277864510094550e+03
# # r44 matrix:
# #    -9.5812871175203107e-01   9.6233445328185355e-02  -2.6968221245877594e-01   2.4139895740145036e+02
# #    -2.7689940461545770e-03  -9.4490210619436033e-01  -3.2734132397458493e-01   1.9665609300345619e+02
# #    -2.8632447395981636e-01  -3.1288837260232116e-01   9.0560430757693799e-01   1.6277864510094550e+03
# #     0.0000000000000000e+00   0.0000000000000000e+00   0.0000000000000000e+00   1.0000000000000000e+00
# # inverse of r44 matrix:
# #    -9.5812871175203118e-01  -2.7689940461546134e-03  -2.8632447395981642e-01   6.9791091092820034e+02
# #     9.6233445328185327e-02  -9.4490210619436044e-01  -3.1288837260232116e-01   6.7190555670600281e+02
# #    -2.6968221245877594e-01  -3.2734132397458493e-01   9.0560430757693811e-01  -1.3446557510808536e+03
# #     0.0000000000000000e+00   0.0000000000000000e+00   0.0000000000000000e+00   1.0000000000000000e+00
# # fx =   1.6731430450397656e+03 (pixels)
# # fy =   1.6643389779272914e+03 (pixels)
# # cx =   5.7720070833636419e+02 (pixels)
# # cy =   3.4588056073049506e+02 (pixels)
# # k1 =   5.3799357131332146e-02
# # k2 =   0.0000000000000000e+00
# # p1 =   0.0000000000000000e+00
# # p2 =   0.0000000000000000e+00
# 
