# Camera paramters. imgSize, rvec, tvec, cmat (flatten), dvec
  1.2000000000000000e+03
  6.7400000000000000e+02
  1.1811424944936477e-01
 -3.7695734302826295e-01
  1.2512658878016694e+00
  2.5166244188019914e+02
 -1.2537036071947897e+01
  1.5683996692983410e+03
  1.6731430450397656e+03
  0.0000000000000000e+00
  5.7720070833636419e+02
  0.0000000000000000e+00
  1.6643389779272914e+03
  3.4588056073049506e+02
  0.0000000000000000e+00
  0.0000000000000000e+00
  1.0000000000000000e+00
  5.3799357131332146e-02
  0.0000000000000000e+00
  0.0000000000000000e+00
  0.0000000000000000e+00
  0.0000000000000000e+00
# # Image size (width, height) is (1200, 674)
# # rvec_x =   1.1811424944936477e-01
# # rvec_y =  -3.7695734302826295e-01
# # rvec_z =   1.2512658878016694e+00
# # tvec_x =   2.5166244188019914e+02
# # tvec_y =  -1.2537036071947897e+01
# # tvec_z =   1.5683996692983410e+03
# # r44 matrix:
# #     2.6181116872352705e-01  -9.4113006725175752e-01  -2.1384365421102272e-01   2.5166244188019914e+02
# #     9.0263861232124976e-01   3.1720283350036649e-01  -2.9090530755919108e-01  -1.2537036071947897e+01
# #     3.4161154470888366e-01  -1.1686128073079383e-01   9.3254758247907599e-01   1.5683996692983410e+03
# #     0.0000000000000000e+00   0.0000000000000000e+00   0.0000000000000000e+00   1.0000000000000000e+00
# # inverse of r44 matrix:
# #     2.6181116872352700e-01   9.0263861232124953e-01   3.4161154470888355e-01  -5.9035505893977540e+02
# #    -9.4113006725175719e-01   3.1720283350036638e-01  -1.1686128073079377e-01   4.2410906826912890e+02
# #    -2.1384365421102267e-01  -2.9090530755919103e-01   9.3254758247907588e-01  -1.4124379941002096e+03
# #     0.0000000000000000e+00   0.0000000000000000e+00   0.0000000000000000e+00   1.0000000000000000e+00
# # fx =   1.6731430450397656e+03 (pixels)
# # fy =   1.6643389779272914e+03 (pixels)
# # cx =   5.7720070833636419e+02 (pixels)
# # cy =   3.4588056073049506e+02 (pixels)
# # k1 =   5.3799357131332146e-02
# # k2 =   0.0000000000000000e+00
# # p1 =   0.0000000000000000e+00
# # p2 =   0.0000000000000000e+00
# 
