# Camera paramters. imgSize, rvec, tvec, cmat (flatten), dvec
  1.2000000000000000e+03
  6.7400000000000000e+02
  4.4956907444749733e-01
  4.1911768504746272e-01
 -2.2106818585942576e+00
  1.4758064102381991e+02
  1.9799460610572825e+02
  1.6182758800050974e+03
  1.6731430450397656e+03
  0.0000000000000000e+00
  5.7720070833636419e+02
  0.0000000000000000e+00
  1.6643389779272914e+03
  3.4588056073049506e+02
  0.0000000000000000e+00
  0.0000000000000000e+00
  1.0000000000000000e+00
  5.3799357131332146e-02
  0.0000000000000000e+00
  0.0000000000000000e+00
  0.0000000000000000e+00
  0.0000000000000000e+00
# # Image size (width, height) is (1200, 674)
# # rvec_x =   4.4956907444749733e-01
# # rvec_y =   4.1911768504746272e-01
# # rvec_z =  -2.2106818585942576e+00
# # tvec_x =   1.4758064102381991e+02
# # tvec_y =   1.9799460610572825e+02
# # tvec_z =   1.6182758800050974e+03
# # r44 matrix:
# #    -5.9838067899464820e-01   7.8143924257651454e-01  -1.7689904795489181e-01   1.4758064102381991e+02
# #    -6.6246468496879241e-01  -6.0673213124680692e-01  -4.3933661591302192e-01   1.9799460610572825e+02
# #    -4.5064520875640351e-01  -1.4570117046252834e-01   8.8073268631903689e-01   1.6182758800050974e+03
# #     0.0000000000000000e+00   0.0000000000000000e+00   0.0000000000000000e+00   1.0000000000000000e+00
# # inverse of r44 matrix:
# #    -5.9838067899464820e-01  -6.6246468496879241e-01  -4.5064520875640346e-01   9.4874211031199980e+02
# #     7.8143924257651454e-01  -6.0673213124680703e-01  -1.4570117046252823e-01   2.4058907484531082e+02
# #    -1.7689904795489167e-01  -4.3933661591302170e-01   8.8073268631903645e-01  -1.3121753078929833e+03
# #     0.0000000000000000e+00   0.0000000000000000e+00   0.0000000000000000e+00   1.0000000000000000e+00
# # fx =   1.6731430450397656e+03 (pixels)
# # fy =   1.6643389779272914e+03 (pixels)
# # cx =   5.7720070833636419e+02 (pixels)
# # cy =   3.4588056073049506e+02 (pixels)
# # k1 =   5.3799357131332146e-02
# # k2 =   0.0000000000000000e+00
# # p1 =   0.0000000000000000e+00
# # p2 =   0.0000000000000000e+00
# 
