# Camera paramters. imgSize, rvec, tvec, cmat (flatten), dvec
  1.2000000000000000e+03
  6.7400000000000000e+02
  1.6850606781533592e-01
 -3.1575035199341872e-01
  8.8342973139602965e-01
  2.2428192059889716e+02
 -3.8666705758393867e+01
  1.5550790908441297e+03
  1.6731430450397656e+03
  0.0000000000000000e+00
  5.7720070833636419e+02
  0.0000000000000000e+00
  1.6643389779272914e+03
  3.4588056073049506e+02
  0.0000000000000000e+00
  0.0000000000000000e+00
  1.0000000000000000e+00
  5.3799357131332146e-02
  0.0000000000000000e+00
  0.0000000000000000e+00
  0.0000000000000000e+00
  0.0000000000000000e+00
# # Image size (width, height) is (1200, 674)
# # rvec_x =   1.6850606781533592e-01
# # rvec_y =  -3.1575035199341872e-01
# # rvec_z =   8.8342973139602965e-01
# # tvec_x =   2.2428192059889716e+02
# # tvec_y =  -3.8666705758393867e+01
# # tvec_z =   1.5550790908441297e+03
# # r44 matrix:
# #     5.9225267164766404e-01  -7.8025360300876878e-01  -2.0109969646431305e-01   2.2428192059889716e+02
# #     7.3095602275156346e-01   6.2528582636199981e-01  -2.7335129074874837e-01  -3.8666705758393867e+01
# #     3.3902811937864374e-01   1.4897997940182706e-02   9.4065827159917870e-01   1.5550790908441297e+03
# #     0.0000000000000000e+00   0.0000000000000000e+00   0.0000000000000000e+00   1.0000000000000000e+00
# # inverse of r44 matrix:
# #     5.9225267164766404e-01   7.3095602275156368e-01   3.3902811937864380e-01  -6.3178344487684217e+02
# #    -7.8025360300876867e-01   6.2528582636199970e-01   1.4897997940182685e-02   1.7600695460763271e+02
# #    -2.0109969646431308e-01  -2.7335129074874842e-01   9.4065827159917892e-01  -1.4282645775666492e+03
# #     0.0000000000000000e+00   0.0000000000000000e+00   0.0000000000000000e+00   1.0000000000000000e+00
# # fx =   1.6731430450397656e+03 (pixels)
# # fy =   1.6643389779272914e+03 (pixels)
# # cx =   5.7720070833636419e+02 (pixels)
# # cy =   3.4588056073049506e+02 (pixels)
# # k1 =   5.3799357131332146e-02
# # k2 =   0.0000000000000000e+00
# # p1 =   0.0000000000000000e+00
# # p2 =   0.0000000000000000e+00
# 
