# Camera paramters. imgSize, rvec, tvec, cmat (flatten), dvec
  1.2000000000000000e+03
  6.7400000000000000e+02
 -1.8904828841043642e-01
 -9.2090402420757933e-01
  2.6727557168730294e+00
  2.1089670875469471e+02
  1.1741875885089812e+02
  1.5953656272770068e+03
  1.6731430450397656e+03
  0.0000000000000000e+00
  5.7720070833636419e+02
  0.0000000000000000e+00
  1.6643389779272914e+03
  3.4588056073049506e+02
  0.0000000000000000e+00
  0.0000000000000000e+00
  1.0000000000000000e+00
  5.3799357131332146e-02
  0.0000000000000000e+00
  0.0000000000000000e+00
  0.0000000000000000e+00
  0.0000000000000000e+00
# # Image size (width, height) is (1200, 674)
# # rvec_x =  -1.8904828841043642e-01
# # rvec_y =  -9.2090402420757933e-01
# # rvec_z =   2.6727557168730294e+00
# # tvec_x =   2.1089670875469471e+02
# # tvec_y =   1.1741875885089812e+02
# # tvec_z =   1.5953656272770068e+03
# # r44 matrix:
# #    -9.4414998841554698e-01  -2.4391494145262013e-01  -2.2155428389243020e-01   2.1089670875469471e+02
# #     3.2861981500340609e-01  -7.4653445290231790e-01  -5.7852858859088729e-01   1.1741875885089812e+02
# #    -2.4286139298986917e-02  -6.1902488800209143e-01   7.8499577799625631e-01   1.5953656272770068e+03
# #     0.0000000000000000e+00   0.0000000000000000e+00   0.0000000000000000e+00   1.0000000000000000e+00
# # inverse of r44 matrix:
# #    -9.4414998841554676e-01   3.2861981500340609e-01  -2.4286139298986997e-02   1.9927726617297540e+02
# #    -2.4391494145262005e-01  -7.4653445290231768e-01  -6.1902488800209166e-01   1.1266690360152118e+03
# #    -2.2155428389243015e-01  -5.7852858859088740e-01   7.8499577799625697e-01  -1.1377001036572797e+03
# #     0.0000000000000000e+00   0.0000000000000000e+00   0.0000000000000000e+00   1.0000000000000000e+00
# # fx =   1.6731430450397656e+03 (pixels)
# # fy =   1.6643389779272914e+03 (pixels)
# # cx =   5.7720070833636419e+02 (pixels)
# # cy =   3.4588056073049506e+02 (pixels)
# # k1 =   5.3799357131332146e-02
# # k2 =   0.0000000000000000e+00
# # p1 =   0.0000000000000000e+00
# # p2 =   0.0000000000000000e+00
# 
