# Camera paramters. imgSize, rvec, tvec, cmat (flatten), dvec
  1.2000000000000000e+03
  6.7400000000000000e+02
  3.8238314664237566e-01
  1.2994348260166338e-01
 -2.7716134258525100e+00
  2.3313671799747698e+02
  2.3082364733283652e+02
  1.5888629482803779e+03
  1.6731430450397656e+03
  0.0000000000000000e+00
  5.7720070833636419e+02
  0.0000000000000000e+00
  1.6643389779272914e+03
  3.4588056073049506e+02
  0.0000000000000000e+00
  0.0000000000000000e+00
  1.0000000000000000e+00
  5.3799357131332146e-02
  0.0000000000000000e+00
  0.0000000000000000e+00
  0.0000000000000000e+00
  0.0000000000000000e+00
# # Image size (width, height) is (1200, 674)
# # rvec_x =   3.8238314664237566e-01
# # rvec_y =   1.2994348260166338e-01
# # rvec_z =  -2.7716134258525100e+00
# # tvec_x =   2.3313671799747698e+02
# # tvec_y =   2.3082364733283652e+02
# # tvec_z =   1.5888629482803779e+03
# # r44 matrix:
# #    -9.0631228183288426e-01   3.4296801145209993e-01  -2.4692304655390684e-01   2.3313671799747698e+02
# #    -3.1836102632838520e-01  -9.3833658508311524e-01  -1.3479877599479526e-01   2.3082364733283652e+02
# #    -2.7792859643082402e-01  -4.3559111735089300e-02   9.5961361967765058e-01   1.5888629482803779e+03
# #     0.0000000000000000e+00   0.0000000000000000e+00   0.0000000000000000e+00   1.0000000000000000e+00
# # inverse of r44 matrix:
# #    -9.0631228183288404e-01  -3.1836102632838514e-01  -2.7792859643082396e-01   7.2637037326957227e+02
# #     3.4296801145209993e-01  -9.3833658508311513e-01  -4.3559111735089293e-02   2.0584129512254782e+02
# #    -2.4692304655390682e-01  -1.3479877599479523e-01   9.5961361967765024e-01  -1.4360129511683999e+03
# #     0.0000000000000000e+00   0.0000000000000000e+00   0.0000000000000000e+00   1.0000000000000000e+00
# # fx =   1.6731430450397656e+03 (pixels)
# # fy =   1.6643389779272914e+03 (pixels)
# # cx =   5.7720070833636419e+02 (pixels)
# # cy =   3.4588056073049506e+02 (pixels)
# # k1 =   5.3799357131332146e-02
# # k2 =   0.0000000000000000e+00
# # p1 =   0.0000000000000000e+00
# # p2 =   0.0000000000000000e+00
# 
