# Camera paramters. imgSize, rvec, tvec, cmat (flatten), dvec
  1.2000000000000000e+03
  6.7400000000000000e+02
 -5.5392017061057661e-02
 -3.9046490005485357e-01
  2.1381623103616265e+00
  3.7238151086276469e+02
  3.5396563088027193e+01
  1.5899142224785642e+03
  1.6731430450397656e+03
  0.0000000000000000e+00
  5.7720070833636419e+02
  0.0000000000000000e+00
  1.6643389779272914e+03
  3.4588056073049506e+02
  0.0000000000000000e+00
  0.0000000000000000e+00
  1.0000000000000000e+00
  5.3799357131332146e-02
  0.0000000000000000e+00
  0.0000000000000000e+00
  0.0000000000000000e+00
  0.0000000000000000e+00
# # Image size (width, height) is (1200, 674)
# # rvec_x =  -5.5392017061057661e-02
# # rvec_y =  -3.9046490005485357e-01
# # rvec_z =   2.1381623103616265e+00
# # tvec_x =   3.7238151086276469e+02
# # tvec_y =   3.5396563088027193e+01
# # tvec_z =   1.5899142224785642e+03
# # r44 matrix:
# #    -5.6645438157903183e-01  -8.0256277601194514e-01  -1.8714279080401922e-01   3.7238151086276469e+02
# #     8.1690605907258318e-01  -5.1691801088367173e-01  -2.5585202886545472e-01   3.5396563088027193e+01
# #     1.0859983536091497e-01  -2.9780658250627795e-01   9.4842886669244386e-01   1.5899142224785642e+03
# #     0.0000000000000000e+00   0.0000000000000000e+00   0.0000000000000000e+00   1.0000000000000000e+00
# # inverse of r44 matrix:
# #    -5.6645438157903183e-01   8.1690605907258318e-01   1.0859983536091494e-01   9.3570487911293014e+00
# #    -8.0256277601194526e-01  -5.1691801088367173e-01  -2.9780658250627801e-01   7.9064358115159155e+02
# #    -1.8714279080401922e-01  -2.5585202886545472e-01   9.4842886669244397e-01  -1.4291757464959321e+03
# #     0.0000000000000000e+00   0.0000000000000000e+00   0.0000000000000000e+00   1.0000000000000000e+00
# # fx =   1.6731430450397656e+03 (pixels)
# # fy =   1.6643389779272914e+03 (pixels)
# # cx =   5.7720070833636419e+02 (pixels)
# # cy =   3.4588056073049506e+02 (pixels)
# # k1 =   5.3799357131332146e-02
# # k2 =   0.0000000000000000e+00
# # p1 =   0.0000000000000000e+00
# # p2 =   0.0000000000000000e+00
# 
