# Camera paramters. imgSize, rvec, tvec, cmat (flatten), dvec
  1.2000000000000000e+03
  6.7400000000000000e+02
  3.2570224640311122e-03
 -4.4310603249250380e-01
  2.1330834433718855e+00
  2.9385292014214122e+02
  1.5419394590981582e+02
  1.6200686972210081e+03
  1.6731430450397656e+03
  0.0000000000000000e+00
  5.7720070833636419e+02
  0.0000000000000000e+00
  1.6643389779272914e+03
  3.4588056073049506e+02
  0.0000000000000000e+00
  0.0000000000000000e+00
  1.0000000000000000e+00
  5.3799357131332146e-02
  0.0000000000000000e+00
  0.0000000000000000e+00
  0.0000000000000000e+00
  0.0000000000000000e+00
# # Image size (width, height) is (1200, 674)
# # rvec_x =   3.2570224640311122e-03
# # rvec_y =  -4.4310603249250380e-01
# # rvec_z =   2.1330834433718855e+00
# # tvec_x =   2.9385292014214122e+02
# # tvec_y =   1.5419394590981582e+02
# # tvec_z =   1.6200686972210081e+03
# # r44 matrix:
# #    -5.7108130287220060e-01  -8.0420972963482018e-01  -1.6465981984224035e-01   2.9385292014214122e+02
# #     8.0325431070607201e-01  -5.0609418314538179e-01  -3.1408787005951333e-01   1.5419394590981582e+02
# #     1.6925914404221340e-01  -3.1163342013830608e-01   9.3500585752764076e-01   1.6200686972210081e+03
# #     0.0000000000000000e+00   0.0000000000000000e+00   0.0000000000000000e+00   1.0000000000000000e+00
# # inverse of r44 matrix:
# #    -5.7108130287220082e-01   8.0325431070607223e-01   1.6925914404221348e-01  -2.3025448423047544e+02
# #    -8.0420972963482029e-01  -5.0609418314538179e-01  -3.1163342013830619e-01   8.1922358553509798e+02
# #    -1.6465981984224035e-01  -3.1408787005951339e-01   9.3500585752764109e-01  -1.4179575045612098e+03
# #     0.0000000000000000e+00   0.0000000000000000e+00   0.0000000000000000e+00   1.0000000000000000e+00
# # fx =   1.6731430450397656e+03 (pixels)
# # fy =   1.6643389779272914e+03 (pixels)
# # cx =   5.7720070833636419e+02 (pixels)
# # cy =   3.4588056073049506e+02 (pixels)
# # k1 =   5.3799357131332146e-02
# # k2 =   0.0000000000000000e+00
# # p1 =   0.0000000000000000e+00
# # p2 =   0.0000000000000000e+00
# 
