# Camera paramters. imgSize, rvec, tvec, cmat (flatten), dvec
  1.2000000000000000e+03
  6.7400000000000000e+02
  1.2434969136744614e-01
 -3.9037038387799505e-01
  1.5978761414423042e+00
  1.5188923160734657e+02
  4.2425887655553701e+01
  1.5698923628291132e+03
  1.6731430450397656e+03
  0.0000000000000000e+00
  5.7720070833636419e+02
  0.0000000000000000e+00
  1.6643389779272914e+03
  3.4588056073049506e+02
  0.0000000000000000e+00
  0.0000000000000000e+00
  1.0000000000000000e+00
  5.3799357131332146e-02
  0.0000000000000000e+00
  0.0000000000000000e+00
  0.0000000000000000e+00
  0.0000000000000000e+00
# # Image size (width, height) is (1200, 674)
# # rvec_x =   1.2434969136744614e-01
# # rvec_y =  -3.9037038387799505e-01
# # rvec_z =   1.5978761414423042e+00
# # tvec_x =   1.5188923160734657e+02
# # tvec_y =   4.2425887655553701e+01
# # tvec_z =   1.5698923628291132e+03
# # r44 matrix:
# #    -7.2556042324113057e-02  -9.8490584952500293e-01  -1.5714989116666284e-01   1.5188923160734657e+02
# #     9.4641934913249615e-01  -1.8275599778696548e-02  -3.2242273189145870e-01   4.2425887655553701e+01
# #     3.1468402614350172e-01  -1.7212341509556844e-01   9.3345995825528294e-01   1.5698923628291132e+03
# #     0.0000000000000000e+00   0.0000000000000000e+00   0.0000000000000000e+00   1.0000000000000000e+00
# # inverse of r44 matrix:
# #    -7.2556042324113043e-02   9.4641934913249592e-01   3.1468402614350166e-01  -5.2315224881125812e+02
# #    -9.8490584952500271e-01  -1.8275599778696545e-02  -1.7212341509556847e-01   4.2058718605558062e+02
# #    -1.5714989116666281e-01  -3.2242273189145865e-01   9.3345995825528305e-01  -1.4278832126544453e+03
# #     0.0000000000000000e+00   0.0000000000000000e+00   0.0000000000000000e+00   1.0000000000000000e+00
# # fx =   1.6731430450397656e+03 (pixels)
# # fy =   1.6643389779272914e+03 (pixels)
# # cx =   5.7720070833636419e+02 (pixels)
# # cy =   3.4588056073049506e+02 (pixels)
# # k1 =   5.3799357131332146e-02
# # k2 =   0.0000000000000000e+00
# # p1 =   0.0000000000000000e+00
# # p2 =   0.0000000000000000e+00
# 
