# Camera paramters. imgSize, rvec, tvec, cmat (flatten), dvec
  1.2000000000000000e+03
  6.7400000000000000e+02
 -2.9052572232735333e-02
 -4.4956245774552062e-01
  1.8090344409865919e+00
  2.6641669566795196e+02
  1.0303073709330482e+02
  1.6056163466091068e+03
  1.6731430450397656e+03
  0.0000000000000000e+00
  5.7720070833636419e+02
  0.0000000000000000e+00
  1.6643389779272914e+03
  3.4588056073049506e+02
  0.0000000000000000e+00
  0.0000000000000000e+00
  1.0000000000000000e+00
  5.3799357131332146e-02
  0.0000000000000000e+00
  0.0000000000000000e+00
  0.0000000000000000e+00
  0.0000000000000000e+00
# # Image size (width, height) is (1200, 674)
# # rvec_x =  -2.9052572232735333e-02
# # rvec_y =  -4.4956245774552062e-01
# # rvec_z =   1.8090344409865919e+00
# # tvec_x =   2.6641669566795196e+02
# # tvec_y =   1.0303073709330482e+02
# # tvec_z =   1.6056163466091068e+03
# # r44 matrix:
# #    -2.8897972716514725e-01  -9.2402679290060796e-01  -2.5033018852981687e-01   2.6641669566795196e+02
# #     9.3371697399492215e-01  -2.1431941287953299e-01  -2.8677482758557765e-01   1.0303073709330482e+02
# #     2.1133700518679308e-01  -3.1660965756715137e-01   9.2471346641751051e-01   1.6056163466091068e+03
# #     0.0000000000000000e+00   0.0000000000000000e+00   0.0000000000000000e+00   1.0000000000000000e+00
# # inverse of r44 matrix:
# #    -2.8897972716514736e-01   9.3371697399492248e-01   2.1133700518679302e-01  -3.5853867421219076e+02
# #    -9.2402679290060818e-01  -2.1431941287953302e-01  -3.1660965756715154e-01   7.7661129363974771e+02
# #    -2.5033018852981692e-01  -2.8677482758557776e-01   9.2471346641751073e-01  -1.3884962940895298e+03
# #     0.0000000000000000e+00   0.0000000000000000e+00   0.0000000000000000e+00   1.0000000000000000e+00
# # fx =   1.6731430450397656e+03 (pixels)
# # fy =   1.6643389779272914e+03 (pixels)
# # cx =   5.7720070833636419e+02 (pixels)
# # cy =   3.4588056073049506e+02 (pixels)
# # k1 =   5.3799357131332146e-02
# # k2 =   0.0000000000000000e+00
# # p1 =   0.0000000000000000e+00
# # p2 =   0.0000000000000000e+00
# 
