# Camera paramters. imgSize, rvec, tvec, cmat (flatten), dvec
  1.2000000000000000e+03
  6.7400000000000000e+02
  3.7836848166598036e-01
  1.7286430919248336e-01
 -2.3609140750941719e+00
  1.5675175599535254e+02
  2.2137961072014855e+02
  1.6019890299964313e+03
  1.6731430450397656e+03
  0.0000000000000000e+00
  5.7720070833636419e+02
  0.0000000000000000e+00
  1.6643389779272914e+03
  3.4588056073049506e+02
  0.0000000000000000e+00
  0.0000000000000000e+00
  1.0000000000000000e+00
  5.3799357131332146e-02
  0.0000000000000000e+00
  0.0000000000000000e+00
  0.0000000000000000e+00
  0.0000000000000000e+00
# # Image size (width, height) is (1200, 674)
# # rvec_x =   3.7836848166598036e-01
# # rvec_y =   1.7286430919248336e-01
# # rvec_z =  -2.3609140750941719e+00
# # tvec_x =   1.5675175599535254e+02
# # tvec_y =   2.2137961072014855e+02
# # tvec_z =   1.6019890299964313e+03
# # r44 matrix:
# #    -6.9232048662635703e-01   6.8694007364922061e-01  -2.2092007381007164e-01   1.5675175599535254e+02
# #    -6.4743521846933882e-01  -7.2653070760779070e-01  -2.3017551735248143e-01   2.2137961072014855e+02
# #    -3.1862200439235777e-01  -1.6323789931457222e-02   9.4774128969844418e-01   1.6019890299964313e+03
# #     0.0000000000000000e+00   0.0000000000000000e+00   0.0000000000000000e+00   1.0000000000000000e+00
# # inverse of r44 matrix:
# #    -6.9232048662635692e-01  -6.4743521846933894e-01  -3.1862200439235772e-01   7.6228036437352682e+02
# #     6.8694007364922072e-01  -7.2653070760779070e-01  -1.6323789931457233e-02   7.9310554816515335e+01
# #    -2.2092007381007164e-01  -2.3017551735248140e-01   9.4774128969844396e-01  -1.4326853734384244e+03
# #     0.0000000000000000e+00   0.0000000000000000e+00   0.0000000000000000e+00   1.0000000000000000e+00
# # fx =   1.6731430450397656e+03 (pixels)
# # fy =   1.6643389779272914e+03 (pixels)
# # cx =   5.7720070833636419e+02 (pixels)
# # cy =   3.4588056073049506e+02 (pixels)
# # k1 =   5.3799357131332146e-02
# # k2 =   0.0000000000000000e+00
# # p1 =   0.0000000000000000e+00
# # p2 =   0.0000000000000000e+00
# 
