# Camera paramters. imgSize, rvec, tvec, cmat (flatten), dvec
  6.0000000000000000e+03
  4.0000000000000000e+03
  1.2674568401615456e+00
 -9.3038567942824280e-02
  9.0302289308454770e-02
 -6.4273164910482308e+02
  1.2420348377373291e+03
  5.5517602870922410e+03
  5.8611404405190997e+03
  0.0000000000000000e+00
  3.0000000000000000e+03
  0.0000000000000000e+00
  5.8294183766607885e+03
  2.0000000000000000e+03
  0.0000000000000000e+00
  0.0000000000000000e+00
  1.0000000000000000e+00
 -1.4715860373954233e-02
  0.0000000000000000e+00
  0.0000000000000000e+00
  0.0000000000000000e+00
  0.0000000000000000e+00
# # Image size (width, height) is (6000, 4000)
# # rvec_x =   1.2674568401615456e+00
# # rvec_y =  -9.3038567942824280e-02
# # rvec_z =   9.0302289308454770e-02
# # tvec_x =  -6.4273164910482308e+02
# # tvec_y =   1.2420348377373291e+03
# # tvec_z =   5.5517602870922410e+03
# # r44 matrix:
# #     9.9267189317032767e-01  -1.1918426257735117e-01  -1.9940513121044376e-02  -6.4273164910482308e+02
# #     1.6374882688790601e-02   2.9616338277618132e-01  -9.5499691827748712e-01   1.2420348377373291e+03
# #     1.1972625328876653e-01   9.4767207527523056e-01   2.9594469418621444e-01   5.5517602870922410e+03
# #     0.0000000000000000e+00   0.0000000000000000e+00   0.0000000000000000e+00   1.0000000000000000e+00
# # inverse of r44 matrix:
# #     9.9267189317032778e-01   1.6374882688790580e-02   1.1972625328876653e-01  -4.7007990176889102e+01
# #    -1.1918426257735117e-01   2.9616338277618126e-01   9.4767207527523045e-01  -5.7056969294031487e+03
# #    -1.9940513121044359e-02  -9.5499691827748712e-01   2.9594469418621444e-01  -4.6969095680854019e+02
# #     0.0000000000000000e+00   0.0000000000000000e+00   0.0000000000000000e+00   1.0000000000000000e+00
# # fx =   5.8611404405190997e+03 (pixels)
# # fy =   5.8294183766607885e+03 (pixels)
# # cx =   3.0000000000000000e+03 (pixels)
# # cy =   2.0000000000000000e+03 (pixels)
# # k1 =  -1.4715860373954233e-02
# # k2 =   0.0000000000000000e+00
# # p1 =   0.0000000000000000e+00
# # p2 =   0.0000000000000000e+00
# 
