# Camera paramters. imgSize, rvec, tvec, cmat (flatten), dvec
  6.0000000000000000e+03
  4.0000000000000000e+03
  1.3229641867256723e+00
  1.0047955650106266e-01
 -1.3197281561553056e-01
 -6.7674145170950555e+02
  1.0840433626199117e+03
  5.0870042027784402e+03
  5.3357817807261208e+03
  0.0000000000000000e+00
  2.9995000000000000e+03
  0.0000000000000000e+00
  5.2873788019488957e+03
  1.9995000000000000e+03
  0.0000000000000000e+00
  0.0000000000000000e+00
  1.0000000000000000e+00
  2.5909830122349219e-02
  0.0000000000000000e+00
  0.0000000000000000e+00
  0.0000000000000000e+00
  0.0000000000000000e+00
# # Image size (width, height) is (6000, 4000)
# # rvec_x =   1.3229641867256723e+00
# # rvec_y =   1.0047955650106266e-01
# # rvec_z =  -1.3197281561553056e-01
# # tvec_x =  -6.7674145170950555e+02
# # tvec_y =   1.0840433626199117e+03
# # tvec_z =   5.0870042027784402e+03
# # r44 matrix:
# #     9.8816447271141628e-01   1.5338679077131773e-01  -1.8620654779617357e-03  -6.7674145170950555e+02
# #    -3.9018401929592973e-02   2.3959187451446393e-01  -9.7008932474154463e-01   1.0840433626199117e+03
# #    -1.4835275252528668e-01   9.5868046088544079e-01   2.4274108579853076e-01   5.0870042027784402e+03
# #     0.0000000000000000e+00   0.0000000000000000e+00   0.0000000000000000e+00   1.0000000000000000e+00
# # inverse of r44 matrix:
# #     9.8816447271141672e-01  -3.9018401929592966e-02  -1.4835275252528674e-01   1.4657005750121768e+03
# #     1.5338679077131778e-01   2.3959187451446395e-01   9.5868046088544101e-01  -5.0327363154912346e+03
# #    -1.8620654779617511e-03  -9.7008932474154463e-01   2.4274108579853079e-01  -1.8446616690435849e+02
# #     0.0000000000000000e+00   0.0000000000000000e+00   0.0000000000000000e+00   1.0000000000000000e+00
# # fx =   5.3357817807261208e+03 (pixels)
# # fy =   5.2873788019488957e+03 (pixels)
# # cx =   2.9995000000000000e+03 (pixels)
# # cy =   1.9995000000000000e+03 (pixels)
# # k1 =   2.5909830122349219e-02
# # k2 =   0.0000000000000000e+00
# # p1 =   0.0000000000000000e+00
# # p2 =   0.0000000000000000e+00
# 
