# Camera paramters. imgSize, rvec, tvec, cmat (flatten), dvec
  6.0000000000000000e+03
  4.0000000000000000e+03
  1.2554339026898251e+00
  3.3343611450993182e-01
 -4.4138138409113320e-01
 -9.1389131778421451e+00
  2.9219169038711983e+00
  4.4942945855987970e+00
  4.6465815782494728e+03
  0.0000000000000000e+00
  2.9995000000000000e+03
  0.0000000000000000e+00
  4.6543091607923252e+03
  1.9995000000000000e+03
  0.0000000000000000e+00
  0.0000000000000000e+00
  1.0000000000000000e+00
  8.3490011968930071e-03
  0.0000000000000000e+00
  0.0000000000000000e+00
  0.0000000000000000e+00
  0.0000000000000000e+00
# # Image size (width, height) is (6000, 4000)
# # rvec_x =   1.2554339026898251e+00
# # rvec_y =   3.3343611450993182e-01
# # rvec_z =  -4.4138138409113320e-01
# # tvec_x =  -9.1389131778421451e+00
# # tvec_y =   2.9219169038711983e+00
# # tvec_z =   4.4942945855987970e+00
# # r44 matrix:
# #     8.6954218733665467e-01   4.9385457248371023e-01   2.0113872619222095e-03  -9.1389131778421451e+00
# #    -1.3691954493555147e-01   2.4498683652573172e-01  -9.5980961036226109e-01   2.9219169038711983e+00
# #    -4.7449912819353746e-01   8.3431954979255152e-01   2.8064473303008314e-01   4.4942945855987970e+00
# #     0.0000000000000000e+00   0.0000000000000000e+00   0.0000000000000000e+00   1.0000000000000000e+00
# # inverse of r44 matrix:
# #     8.6954218733665523e-01  -1.3691954493555136e-01  -4.7449912819353773e-01   1.0479276950069748e+01
# #     4.9385457248371034e-01   2.4498683652573180e-01   8.3431954979255185e-01   4.7785046246622678e-02
# #     2.0113872619220551e-03  -9.5980961036226153e-01   2.8064473303008330e-01   1.5615657144353203e+00
# #     0.0000000000000000e+00   0.0000000000000000e+00   0.0000000000000000e+00   1.0000000000000000e+00
# # fx =   4.6465815782494728e+03 (pixels)
# # fy =   4.6543091607923252e+03 (pixels)
# # cx =   2.9995000000000000e+03 (pixels)
# # cy =   1.9995000000000000e+03 (pixels)
# # k1 =   8.3490011968930071e-03
# # k2 =   0.0000000000000000e+00
# # p1 =   0.0000000000000000e+00
# # p2 =   0.0000000000000000e+00
# 
