# Camera paramters. imgSize, rvec, tvec, cmat (flatten), dvec
  1.2000000000000000e+03
  8.0000000000000000e+02
  3.3515777650105266e-01
 -1.1957902641701880e-01
  1.6180005506599806e+00
  1.0957556050625772e+02
  8.5471285296974287e+01
  1.7732026082252421e+03
  1.9023597506397296e+03
  0.0000000000000000e+00
  6.0987247693475524e+02
  0.0000000000000000e+00
  1.9111512699815967e+03
  4.0700183398471523e+02
  0.0000000000000000e+00
  0.0000000000000000e+00
  1.0000000000000000e+00
  2.2575771372064560e-01
  0.0000000000000000e+00
  0.0000000000000000e+00
  0.0000000000000000e+00
  0.0000000000000000e+00
# # Image size (width, height) is (1200, 800)
# # rvec_x =   3.3515777650105266e-01
# # rvec_y =  -1.1957902641701880e-01
# # rvec_z =   1.6180005506599806e+00
# # tvec_x =   1.0957556050625772e+02
# # tvec_y =   8.5471285296974287e+01
# # tvec_z =   1.7732026082252421e+03
# # r44 matrix:
# #    -4.1329281577145195e-02  -9.8891453991864553e-01   1.4261810271424424e-01   1.0957556050625772e+02
# #     9.5720430986539806e-01  -8.0111365073823257e-02  -2.7810443786663286e-01   8.5471285296974287e+01
# #     2.8644685311489160e-01   1.2502080596245685e-01   9.4990420486335003e-01   1.7732026082252421e+03
# #     0.0000000000000000e+00   0.0000000000000000e+00   0.0000000000000000e+00   1.0000000000000000e+00
# # inverse of r44 matrix:
# #    -4.1329281577145195e-02   9.5720430986539795e-01   2.8644685311489165e-01  -5.8521311052310080e+02
# #    -9.8891453991864564e-01  -8.0111365073823257e-02   1.2502080596245688e-01  -1.0647913287092207e+02
# #     1.4261810271424430e-01  -2.7810443786663291e-01   9.4990420486335025e-01  -1.6762301284198161e+03
# #     0.0000000000000000e+00   0.0000000000000000e+00   0.0000000000000000e+00   1.0000000000000000e+00
# # fx =   1.9023597506397296e+03 (pixels)
# # fy =   1.9111512699815967e+03 (pixels)
# # cx =   6.0987247693475524e+02 (pixels)
# # cy =   4.0700183398471523e+02 (pixels)
# # k1 =   2.2575771372064560e-01
# # k2 =   0.0000000000000000e+00
# # p1 =   0.0000000000000000e+00
# # p2 =   0.0000000000000000e+00
# 
