# Camera paramters. imgSize, rvec, tvec, cmat (flatten), dvec
  1.2000000000000000e+03
  8.0000000000000000e+02
  2.3044767981341896e-01
 -7.8016931811702894e-01
  2.6815389058997652e+00
  1.6746798106891654e+02
  1.6352662270106558e+02
  1.7658037103349275e+03
  1.9023597506397296e+03
  0.0000000000000000e+00
  6.0987247693475524e+02
  0.0000000000000000e+00
  1.9111512699815967e+03
  4.0700183398471523e+02
  0.0000000000000000e+00
  0.0000000000000000e+00
  1.0000000000000000e+00
  2.2575771372064560e-01
  0.0000000000000000e+00
  0.0000000000000000e+00
  0.0000000000000000e+00
  0.0000000000000000e+00
# # Image size (width, height) is (1200, 800)
# # rvec_x =   2.3044767981341896e-01
# # rvec_y =  -7.8016931811702894e-01
# # rvec_z =   2.6815389058997652e+00
# # tvec_x =   1.6746798106891654e+02
# # tvec_y =   1.6352662270106558e+02
# # tvec_z =   1.7658037103349275e+03
# # r44 matrix:
# #    -9.2982244906165212e-01  -3.6304775136019801e-01   6.0220789211826414e-02   1.6746798106891654e+02
# #     2.7407600982324770e-01  -7.9235802403609112e-01  -5.4502394679957733e-01   1.6352662270106558e+02
# #     2.4558614386882341e-01  -4.9027042739484633e-01   8.3625495751099554e-01   1.7658037103349275e+03
# #     0.0000000000000000e+00   0.0000000000000000e+00   0.0000000000000000e+00   1.0000000000000000e+00
# # inverse of r44 matrix:
# #    -9.2982244906165212e-01   2.7407600982324770e-01   2.4558614386882341e-01  -3.2276016000328497e+02
# #    -3.6304775136019801e-01  -7.9235802403609112e-01  -4.9027042739484611e-01   1.0560918453539239e+03
# #     6.0220789211826324e-02  -5.4502394679957711e-01   8.3625495751099488e-01  -1.3976212354352331e+03
# #     0.0000000000000000e+00   0.0000000000000000e+00   0.0000000000000000e+00   1.0000000000000000e+00
# # fx =   1.9023597506397296e+03 (pixels)
# # fy =   1.9111512699815967e+03 (pixels)
# # cx =   6.0987247693475524e+02 (pixels)
# # cy =   4.0700183398471523e+02 (pixels)
# # k1 =   2.2575771372064560e-01
# # k2 =   0.0000000000000000e+00
# # p1 =   0.0000000000000000e+00
# # p2 =   0.0000000000000000e+00
# 
