# Camera paramters. imgSize, rvec, tvec, cmat (flatten), dvec
  1.2000000000000000e+03
  8.0000000000000000e+02
  2.7857963294642596e-01
 -2.4872279699727326e-01
  2.1159273566480916e+00
  3.1372675066468923e+02
  9.4726093133026112e+01
  1.7342252137744613e+03
  1.9023597506397296e+03
  0.0000000000000000e+00
  6.0987247693475524e+02
  0.0000000000000000e+00
  1.9111512699815967e+03
  4.0700183398471523e+02
  0.0000000000000000e+00
  0.0000000000000000e+00
  1.0000000000000000e+00
  2.2575771372064560e-01
  0.0000000000000000e+00
  0.0000000000000000e+00
  0.0000000000000000e+00
  0.0000000000000000e+00
# # Image size (width, height) is (1200, 800)
# # rvec_x =   2.7857963294642596e-01
# # rvec_y =  -2.4872279699727326e-01
# # rvec_z =   2.1159273566480916e+00
# # tvec_x =   3.1372675066468923e+02
# # tvec_y =   9.4726093133026112e+01
# # tvec_z =   1.7342252137744613e+03
# # r44 matrix:
# #    -5.2021978610227759e-01  -8.4810363744983652e-01   1.0045692754637117e-01   3.1372675066468923e+02
# #     8.0169059504311990e-01  -5.2549267525705345e-01  -2.8486775540694942e-01   9.4726093133026112e+01
# #     2.9438675915725065e-01  -6.7658468764385277e-02   9.5328839688593181e-01   1.7342252137744613e+03
# #     0.0000000000000000e+00   0.0000000000000000e+00   0.0000000000000000e+00   1.0000000000000000e+00
# # inverse of r44 matrix:
# #    -5.2021978610227759e-01   8.0169059504311979e-01   2.9438675915725065e-01  -4.2326709517643229e+02
# #    -8.4810363744983652e-01  -5.2549267525705334e-01  -6.7658468764385249e-02   4.3318568895773228e+02
# #     1.0045692754637114e-01  -2.8486775540694931e-01   9.5328839688593159e-01  -1.6577483898098244e+03
# #     0.0000000000000000e+00   0.0000000000000000e+00   0.0000000000000000e+00   1.0000000000000000e+00
# # fx =   1.9023597506397296e+03 (pixels)
# # fy =   1.9111512699815967e+03 (pixels)
# # cx =   6.0987247693475524e+02 (pixels)
# # cy =   4.0700183398471523e+02 (pixels)
# # k1 =   2.2575771372064560e-01
# # k2 =   0.0000000000000000e+00
# # p1 =   0.0000000000000000e+00
# # p2 =   0.0000000000000000e+00
# 
