# Camera paramters. imgSize, rvec, tvec, cmat (flatten), dvec
  1.2000000000000000e+03
  8.0000000000000000e+02
  2.6788205943622534e-01
 -5.6902512762698667e-03
  9.0911597786448184e-01
  1.7928662987061801e+02
  6.8738841107968733e+00
  1.7375058836559033e+03
  1.9023597506397296e+03
  0.0000000000000000e+00
  6.0987247693475524e+02
  0.0000000000000000e+00
  1.9111512699815967e+03
  4.0700183398471523e+02
  0.0000000000000000e+00
  0.0000000000000000e+00
  1.0000000000000000e+00
  2.2575771372064560e-01
  0.0000000000000000e+00
  0.0000000000000000e+00
  0.0000000000000000e+00
  0.0000000000000000e+00
# # Image size (width, height) is (1200, 800)
# # rvec_x =   2.6788205943622534e-01
# # rvec_y =  -5.6902512762698667e-03
# # rvec_z =   9.0911597786448184e-01
# # tvec_x =   1.7928662987061801e+02
# # tvec_y =   6.8738841107968733e+00
# # tvec_z =   1.7375058836559033e+03
# # r44 matrix:
# #     6.1676188997242609e-01  -7.7969925722437738e-01   1.0804554299643787e-01   1.7928662987061801e+02
# #     7.7828568447500601e-01   5.8350326025125410e-01  -2.3193822155356095e-01   6.8738841107968733e+00
# #     1.1779713247321602e-01   2.2714095526767389e-01   9.6671134369116429e-01   1.7375058836559033e+03
# #     0.0000000000000000e+00   0.0000000000000000e+00   0.0000000000000000e+00   1.0000000000000000e+00
# # inverse of r44 matrix:
# #     6.1676188997242609e-01   7.7828568447500612e-01   1.1779713247321605e-01  -3.2060021703596942e+02
# #    -7.7969925722437727e-01   5.8350326025125399e-01   2.2714095526767378e-01  -2.5888002784566214e+02
# #     1.0804554299643783e-01  -2.3193822155356092e-01   9.6671134369116407e-01  -1.6974434522808506e+03
# #     0.0000000000000000e+00   0.0000000000000000e+00   0.0000000000000000e+00   1.0000000000000000e+00
# # fx =   1.9023597506397296e+03 (pixels)
# # fy =   1.9111512699815967e+03 (pixels)
# # cx =   6.0987247693475524e+02 (pixels)
# # cy =   4.0700183398471523e+02 (pixels)
# # k1 =   2.2575771372064560e-01
# # k2 =   0.0000000000000000e+00
# # p1 =   0.0000000000000000e+00
# # p2 =   0.0000000000000000e+00
# 
