# Camera paramters. imgSize, rvec, tvec, cmat (flatten), dvec
  1.2000000000000000e+03
  8.0000000000000000e+02
  7.8084069093299277e-02
  5.2757259896416087e-01
 -2.2309508402921501e+00
  1.0792249191823274e+02
  2.4198501382890956e+02
  1.8085200342258233e+03
  1.9023597506397296e+03
  0.0000000000000000e+00
  6.0987247693475524e+02
  0.0000000000000000e+00
  1.9111512699815967e+03
  4.0700183398471523e+02
  0.0000000000000000e+00
  0.0000000000000000e+00
  1.0000000000000000e+00
  2.2575771372064560e-01
  0.0000000000000000e+00
  0.0000000000000000e+00
  0.0000000000000000e+00
  0.0000000000000000e+00
# # Image size (width, height) is (1200, 800)
# # rvec_x =   7.8084069093299277e-02
# # rvec_y =   5.2757259896416087e-01
# # rvec_z =  -2.2309508402921501e+00
# # tvec_x =   1.0792249191823274e+02
# # tvec_y =   2.4198501382890956e+02
# # tvec_z =   1.8085200342258233e+03
# # r44 matrix:
# #    -6.5972304253856062e-01   7.4227554912160421e-01   1.1744154426728738e-01   1.0792249191823274e+02
# #    -7.1625608462095980e-01  -5.7374871112034720e-01  -3.9722743829095264e-01   2.4198501382890956e+02
# #    -2.2747028022824572e-01  -3.4617831483783201e-01   9.1017462387660630e-01   1.8085200342258233e+03
# #     0.0000000000000000e+00   0.0000000000000000e+00   0.0000000000000000e+00   1.0000000000000000e+00
# # inverse of r44 matrix:
# #    -6.5972304253856084e-01  -7.1625608462096002e-01  -2.2747028022824586e-01   6.5590675225242819e+02
# #     7.4227554912160421e-01  -5.7374871112034720e-01  -3.4617831483783218e-01   6.8480078064235215e+02
# #     1.1744154426728735e-01  -3.9722743829095281e-01   9.1017462387660686e-01  -1.5626205388887893e+03
# #     0.0000000000000000e+00   0.0000000000000000e+00   0.0000000000000000e+00   1.0000000000000000e+00
# # fx =   1.9023597506397296e+03 (pixels)
# # fy =   1.9111512699815967e+03 (pixels)
# # cx =   6.0987247693475524e+02 (pixels)
# # cy =   4.0700183398471523e+02 (pixels)
# # k1 =   2.2575771372064560e-01
# # k2 =   0.0000000000000000e+00
# # p1 =   0.0000000000000000e+00
# # p2 =   0.0000000000000000e+00
# 
