# Camera paramters. imgSize, rvec, tvec, cmat (flatten), dvec
  1.2000000000000000e+03
  8.0000000000000000e+02
 -1.1270904264060883e-02
  2.7095440737402615e-01
 -2.3471839956963838e+00
  1.1224309268839986e+02
  2.6538522107627313e+02
  1.7943174345027630e+03
  1.9023597506397296e+03
  0.0000000000000000e+00
  6.0987247693475524e+02
  0.0000000000000000e+00
  1.9111512699815967e+03
  4.0700183398471523e+02
  0.0000000000000000e+00
  0.0000000000000000e+00
  1.0000000000000000e+00
  2.2575771372064560e-01
  0.0000000000000000e+00
  0.0000000000000000e+00
  0.0000000000000000e+00
  0.0000000000000000e+00
# # Image size (width, height) is (1200, 800)
# # rvec_x =  -1.1270904264060883e-02
# # rvec_y =   2.7095440737402615e-01
# # rvec_z =  -2.3471839956963838e+00
# # tvec_x =   1.1224309268839986e+02
# # tvec_y =   2.6538522107627313e+02
# # tvec_z =   1.7943174345027630e+03
# # r44 matrix:
# #    -7.1172201123115941e-01   6.9684350489113978e-01   8.8661764138242435e-02   1.1224309268839986e+02
# #    -6.9871623320494847e-01  -6.8925061162499124e-01  -1.9164868856964129e-01   2.6538522107627313e+02
# #    -7.2438968690625036e-02  -1.9835000394657754e-01   9.7745070041891680e-01   1.7943174345027630e+03
# #     0.0000000000000000e+00   0.0000000000000000e+00   0.0000000000000000e+00   1.0000000000000000e+00
# # inverse of r44 matrix:
# #    -7.1172201123115952e-01  -6.9871623320494858e-01  -7.2438968690625119e-02   3.9529334615265782e+02
# #     6.9684350489113989e-01  -6.8925061162499146e-01  -1.9835000394657765e-01   4.6060392604928529e+02
# #     8.8661764138242435e-02  -1.9164868856964129e-01   9.7745070041891713e-01  -1.7129477741536539e+03
# #     0.0000000000000000e+00   0.0000000000000000e+00   0.0000000000000000e+00   1.0000000000000000e+00
# # fx =   1.9023597506397296e+03 (pixels)
# # fy =   1.9111512699815967e+03 (pixels)
# # cx =   6.0987247693475524e+02 (pixels)
# # cy =   4.0700183398471523e+02 (pixels)
# # k1 =   2.2575771372064560e-01
# # k2 =   0.0000000000000000e+00
# # p1 =   0.0000000000000000e+00
# # p2 =   0.0000000000000000e+00
# 
