# Camera paramters. imgSize, rvec, tvec, cmat (flatten), dvec
  1.2000000000000000e+03
  8.0000000000000000e+02
  3.0340066345125671e-01
 -2.3216072444479463e-01
  2.1579723553157009e+00
  2.5190648362862024e+02
  2.0635680074697939e+02
  1.7698855387634312e+03
  1.9023597506397296e+03
  0.0000000000000000e+00
  6.0987247693475524e+02
  0.0000000000000000e+00
  1.9111512699815967e+03
  4.0700183398471523e+02
  0.0000000000000000e+00
  0.0000000000000000e+00
  1.0000000000000000e+00
  2.2575771372064560e-01
  0.0000000000000000e+00
  0.0000000000000000e+00
  0.0000000000000000e+00
  0.0000000000000000e+00
# # Image size (width, height) is (1200, 800)
# # rvec_x =   3.0340066345125671e-01
# # rvec_y =  -2.3216072444479463e-01
# # rvec_z =   2.1579723553157009e+00
# # tvec_x =   2.5190648362862024e+02
# # tvec_y =   2.0635680074697939e+02
# # tvec_z =   1.7698855387634312e+03
# # r44 matrix:
# #    -5.5131649493009904e-01  -8.2419400910564200e-01   1.2943862550397722e-01   2.5190648362862024e+02
# #     7.7780167276363288e-01  -5.6388095323869247e-01  -2.7760192438223108e-01   2.0635680074697939e+02
# #     3.0178581852712111e-01  -5.2368940499043115e-02   9.5193634966153207e-01   1.7698855387634312e+03
# #     0.0000000000000000e+00   0.0000000000000000e+00   0.0000000000000000e+00   1.0000000000000000e+00
# # inverse of r44 matrix:
# #    -5.5131649493009915e-01   7.7780167276363299e-01   3.0178581852712127e-01  -5.5575082121789205e+02
# #    -8.2419400910564211e-01  -5.6388095323869247e-01  -5.2368940499043150e-02   4.1666751464369003e+02
# #     1.2943862550397728e-01  -2.7760192438223119e-01   9.5193634966153273e-01  -1.6601397630889026e+03
# #     0.0000000000000000e+00   0.0000000000000000e+00   0.0000000000000000e+00   1.0000000000000000e+00
# # fx =   1.9023597506397296e+03 (pixels)
# # fy =   1.9111512699815967e+03 (pixels)
# # cx =   6.0987247693475524e+02 (pixels)
# # cy =   4.0700183398471523e+02 (pixels)
# # k1 =   2.2575771372064560e-01
# # k2 =   0.0000000000000000e+00
# # p1 =   0.0000000000000000e+00
# # p2 =   0.0000000000000000e+00
# 
