# Camera paramters. imgSize, rvec, tvec, cmat (flatten), dvec
  1.2000000000000000e+03
  8.0000000000000000e+02
  3.1506910946365052e-01
 -5.3342613612650491e-01
  2.4014758016170878e+00
  2.5639918781677801e+02
  1.8463675586975870e+02
  1.7551814600067596e+03
  1.9023597506397296e+03
  0.0000000000000000e+00
  6.0987247693475524e+02
  0.0000000000000000e+00
  1.9111512699815967e+03
  4.0700183398471523e+02
  0.0000000000000000e+00
  0.0000000000000000e+00
  1.0000000000000000e+00
  2.2575771372064560e-01
  0.0000000000000000e+00
  0.0000000000000000e+00
  0.0000000000000000e+00
  0.0000000000000000e+00
# # Image size (width, height) is (1200, 800)
# # rvec_x =   3.1506910946365052e-01
# # rvec_y =  -5.3342613612650491e-01
# # rvec_z =   2.4014758016170878e+00
# # tvec_x =   2.5639918781677801e+02
# # tvec_y =   1.8463675586975870e+02
# # tvec_z =   1.7551814600067596e+03
# # r44 matrix:
# #    -7.6020275667128490e-01  -6.4370496180800374e-01   8.7952776494751389e-02   2.5639918781677801e+02
# #     5.4593611790543850e-01  -7.0631290938313163e-01  -4.5063935603215516e-01   1.8463675586975870e+02
# #     3.5220097091819402e-01  -2.9456068336166769e-01   8.8836280871150242e-01   1.7551814600067596e+03
# #     0.0000000000000000e+00   0.0000000000000000e+00   0.0000000000000000e+00   1.0000000000000000e+00
# # inverse of r44 matrix:
# #    -7.6020275667128512e-01   5.4593611790543828e-01   3.5220097091819380e-01  -5.2406111868759069e+02
# #    -6.4370496180800363e-01  -7.0631290938313140e-01  -2.9456068336166752e-01   8.1246420390195499e+02
# #     8.7952776494751375e-02  -4.5063935603215494e-01   8.8836280871150186e-01  -1.4985843633044303e+03
# #     0.0000000000000000e+00   0.0000000000000000e+00   0.0000000000000000e+00   1.0000000000000000e+00
# # fx =   1.9023597506397296e+03 (pixels)
# # fy =   1.9111512699815967e+03 (pixels)
# # cx =   6.0987247693475524e+02 (pixels)
# # cy =   4.0700183398471523e+02 (pixels)
# # k1 =   2.2575771372064560e-01
# # k2 =   0.0000000000000000e+00
# # p1 =   0.0000000000000000e+00
# # p2 =   0.0000000000000000e+00
# 
