# Camera paramters. imgSize, rvec, tvec, cmat (flatten), dvec
  1.2000000000000000e+03
  8.0000000000000000e+02
 -7.5991763593390119e-02
  1.2595418629717203e-01
  2.1671539568707767e+00
  1.1333881464720031e+02
 -5.7312890352966868e+01
  1.6973662243733520e+03
  1.9023597506397296e+03
  0.0000000000000000e+00
  6.0987247693475524e+02
  0.0000000000000000e+00
  1.9111512699815967e+03
  4.0700183398471523e+02
  0.0000000000000000e+00
  0.0000000000000000e+00
  1.0000000000000000e+00
  2.2575771372064560e-01
  0.0000000000000000e+00
  0.0000000000000000e+00
  0.0000000000000000e+00
  0.0000000000000000e+00
# # Image size (width, height) is (1200, 800)
# # rvec_x =  -7.5991763593390119e-02
# # rvec_y =   1.2595418629717203e-01
# # rvec_z =   2.1671539568707767e+00
# # tvec_x =   1.1333881464720031e+02
# # tvec_y =  -5.7312890352966868e+01
# # tvec_z =   1.6973662243733520e+03
# # r44 matrix:
# #    -5.6383519805573534e-01  -8.2585901718559840e-01  -6.8376287327902088e-03   1.1333881464720031e+02
# #     8.1950635075342704e-01  -5.6048688880260311e-01   1.1943110380122710e-01  -5.7312890352966868e+01
# #    -1.0246565526190143e-01   6.1735979895164279e-02   9.9281894536624038e-01   1.6973662243733520e+03
# #     0.0000000000000000e+00   0.0000000000000000e+00   0.0000000000000000e+00   1.0000000000000000e+00
# # inverse of r44 matrix:
# #    -5.6383519805573523e-01   8.1950635075342704e-01  -1.0246565526190142e-01   2.8479443302813269e+02
# #    -8.2585901718559818e-01  -5.6048688880260311e-01   6.1735979895164252e-02  -4.3309808631345696e+01
# #    -6.8376287327901863e-03   1.1943110380122703e-01   9.9281894536623971e-01  -1.6775574342901618e+03
# #     0.0000000000000000e+00   0.0000000000000000e+00   0.0000000000000000e+00   1.0000000000000000e+00
# # fx =   1.9023597506397296e+03 (pixels)
# # fy =   1.9111512699815967e+03 (pixels)
# # cx =   6.0987247693475524e+02 (pixels)
# # cy =   4.0700183398471523e+02 (pixels)
# # k1 =   2.2575771372064560e-01
# # k2 =   0.0000000000000000e+00
# # p1 =   0.0000000000000000e+00
# # p2 =   0.0000000000000000e+00
# 
