# Camera paramters. imgSize, rvec, tvec, cmat (flatten), dvec
  1.2000000000000000e+03
  8.0000000000000000e+02
  2.2330638760484750e-01
 -2.0637885069285616e-01
  1.8463870591213305e+00
  2.2563732265864272e+02
  1.5328347639931380e+02
  1.7664022585049463e+03
  1.9023597506397296e+03
  0.0000000000000000e+00
  6.0987247693475524e+02
  0.0000000000000000e+00
  1.9111512699815967e+03
  4.0700183398471523e+02
  0.0000000000000000e+00
  0.0000000000000000e+00
  1.0000000000000000e+00
  2.2575771372064560e-01
  0.0000000000000000e+00
  0.0000000000000000e+00
  0.0000000000000000e+00
  0.0000000000000000e+00
# # Image size (width, height) is (1200, 800)
# # rvec_x =   2.2330638760484750e-01
# # rvec_y =  -2.0637885069285616e-01
# # rvec_z =   1.8463870591213305e+00
# # tvec_x =   2.2563732265864272e+02
# # tvec_y =   1.5328347639931380e+02
# # tvec_z =   1.7664022585049463e+03
# # r44 matrix:
# #    -2.7750481726216358e-01  -9.5956162665369438e-01   4.7249984656177468e-02   2.2563732265864272e+02
# #     9.2544853121159254e-01  -2.8019677973522322e-01  -2.5501917713049888e-01   1.5328347639931380e+02
# #     2.5794590997842781e-01  -2.7041621248116654e-02   9.6578085415153758e-01   1.7664022585049463e+03
# #     0.0000000000000000e+00   0.0000000000000000e+00   0.0000000000000000e+00   1.0000000000000000e+00
# # inverse of r44 matrix:
# #    -2.7750481726216353e-01   9.2544853121159243e-01   2.5794590997842787e-01  -5.3487676205884986e+02
# #    -9.5956162665369460e-01  -2.8019677973522328e-01  -2.7041621248116710e-02   3.0722883368412823e+02
# #     4.7249984656177531e-02  -2.5501917713049893e-01   9.6578085415153825e-01  -1.6775286160085400e+03
# #     0.0000000000000000e+00   0.0000000000000000e+00   0.0000000000000000e+00   1.0000000000000000e+00
# # fx =   1.9023597506397296e+03 (pixels)
# # fy =   1.9111512699815967e+03 (pixels)
# # cx =   6.0987247693475524e+02 (pixels)
# # cy =   4.0700183398471523e+02 (pixels)
# # k1 =   2.2575771372064560e-01
# # k2 =   0.0000000000000000e+00
# # p1 =   0.0000000000000000e+00
# # p2 =   0.0000000000000000e+00
# 
