# Camera paramters. imgSize, rvec, tvec, cmat (flatten), dvec
  1.2000000000000000e+03
  8.0000000000000000e+02
 -4.3223577288874090e-02
  4.6488436762071750e-01
 -3.0396491299321595e+00
  2.0051412804072547e+02
  2.4571701998499125e+02
  1.7880850093803429e+03
  1.9023597506397296e+03
  0.0000000000000000e+00
  6.0987247693475524e+02
  0.0000000000000000e+00
  1.9111512699815967e+03
  4.0700183398471523e+02
  0.0000000000000000e+00
  0.0000000000000000e+00
  1.0000000000000000e+00
  2.2575771372064560e-01
  0.0000000000000000e+00
  0.0000000000000000e+00
  0.0000000000000000e+00
  0.0000000000000000e+00
# # Image size (width, height) is (1200, 800)
# # rvec_x =  -4.3223577288874090e-02
# # rvec_y =   4.6488436762071750e-01
# # rvec_z =  -3.0396491299321595e+00
# # tvec_x =   2.0051412804072547e+02
# # tvec_y =   2.4571701998499125e+02
# # tvec_z =   1.7880850093803429e+03
# # r44 matrix:
# #    -9.9740860098886830e-01   6.1234358171594706e-02   3.7768188369862524e-02   2.0051412804072547e+02
# #    -6.9723703303014750e-02  -9.5215035188078079e-01  -2.9757068506662171e-01   2.4571701998499125e+02
# #     1.7739443935527881e-02  -2.9943289864779093e-01   9.5395243662157458e-01   1.7880850093803429e+03
# #     0.0000000000000000e+00   0.0000000000000000e+00   0.0000000000000000e+00   1.0000000000000000e+00
# # inverse of r44 matrix:
# #    -9.9740860098886830e-01  -6.9723703303014736e-02   1.7739443935527906e-02   1.8540718274967676e+02
# #     6.1234358171594706e-02  -9.5215035188078057e-01  -2.9943289864779093e-01   7.5709267049431401e+02
# #     3.7768188369862524e-02  -2.9757068506662171e-01   9.5395243662157525e-01  -1.6402029249740885e+03
# #     0.0000000000000000e+00   0.0000000000000000e+00   0.0000000000000000e+00   1.0000000000000000e+00
# # fx =   1.9023597506397296e+03 (pixels)
# # fy =   1.9111512699815967e+03 (pixels)
# # cx =   6.0987247693475524e+02 (pixels)
# # cy =   4.0700183398471523e+02 (pixels)
# # k1 =   2.2575771372064560e-01
# # k2 =   0.0000000000000000e+00
# # p1 =   0.0000000000000000e+00
# # p2 =   0.0000000000000000e+00
# 
