# Camera paramters. imgSize, rvec, tvec, cmat (flatten), dvec
  1.2000000000000000e+03
  8.0000000000000000e+02
 -6.4581094285734844e-02
  1.6127064949916728e-01
 -2.7493532455158416e+00
  1.8170895219572142e+02
  2.7807922165289864e+02
  1.7597101455819065e+03
  1.9023597506397296e+03
  0.0000000000000000e+00
  6.0987247693475524e+02
  0.0000000000000000e+00
  1.9111512699815967e+03
  4.0700183398471523e+02
  0.0000000000000000e+00
  0.0000000000000000e+00
  1.0000000000000000e+00
  2.2575771372064560e-01
  0.0000000000000000e+00
  0.0000000000000000e+00
  0.0000000000000000e+00
  0.0000000000000000e+00
# # Image size (width, height) is (1200, 800)
# # rvec_x =  -6.4581094285734844e-02
# # rvec_y =   1.6127064949916728e-01
# # rvec_z =  -2.7493532455158416e+00
# # tvec_x =   1.8170895219572142e+02
# # tvec_y =   2.7807922165289864e+02
# # tvec_z =   1.7597101455819065e+03
# # r44 matrix:
# #    -9.2507879388105874e-01   3.7379241349328091e-01   6.7145042456116938e-02   1.8170895219572142e+02
# #    -3.7907913499172824e-01  -9.1953638307405505e-01  -1.0369112602825664e-01   2.7807922165289864e+02
# #     2.2983353225513613e-02  -1.2137574641563620e-01   9.9234051295740100e-01   1.7597101455819065e+03
# #     0.0000000000000000e+00   0.0000000000000000e+00   0.0000000000000000e+00   1.0000000000000000e+00
# # inverse of r44 matrix:
# #    -9.2507879388105885e-01  -3.7907913499172829e-01   2.2983353225513644e-02   2.3306508928753385e+02
# #     3.7379241349328096e-01  -9.1953638307405505e-01  -1.2137574641563621e-01   4.0136866628735271e+02
# #     6.7145042456116952e-02  -1.0369112602825668e-01   9.9234051295740167e-01  -1.7295981762146812e+03
# #     0.0000000000000000e+00   0.0000000000000000e+00   0.0000000000000000e+00   1.0000000000000000e+00
# # fx =   1.9023597506397296e+03 (pixels)
# # fy =   1.9111512699815967e+03 (pixels)
# # cx =   6.0987247693475524e+02 (pixels)
# # cy =   4.0700183398471523e+02 (pixels)
# # k1 =   2.2575771372064560e-01
# # k2 =   0.0000000000000000e+00
# # p1 =   0.0000000000000000e+00
# # p2 =   0.0000000000000000e+00
# 
