# Camera paramters. imgSize, rvec, tvec, cmat (flatten), dvec
  1.2000000000000000e+03
  8.0000000000000000e+02
  1.2762255101399320e-01
 -2.3206636466384087e-01
  1.3492887730077814e+00
  2.1113249632041305e+02
  3.6939421144535189e+01
  1.7280621545080414e+03
  1.9023597506397296e+03
  0.0000000000000000e+00
  6.0987247693475524e+02
  0.0000000000000000e+00
  1.9111512699815967e+03
  4.0700183398471523e+02
  0.0000000000000000e+00
  0.0000000000000000e+00
  1.0000000000000000e+00
  2.2575771372064560e-01
  0.0000000000000000e+00
  0.0000000000000000e+00
  0.0000000000000000e+00
  0.0000000000000000e+00
# # Image size (width, height) is (1200, 800)
# # rvec_x =   1.2762255101399320e-01
# # rvec_y =  -2.3206636466384087e-01
# # rvec_z =   1.3492887730077814e+00
# # tvec_x =   2.1113249632041305e+02
# # tvec_y =   3.6939421144535189e+01
# # tvec_z =   1.7280621545080414e+03
# # r44 matrix:
# #     2.0145174904063262e-01  -9.7515062844393874e-01  -9.2187009138280609e-02   2.1113249632041305e+02
# #     9.4991579770186252e-01   2.1745619173932779e-01  -2.2443881560608636e-01   3.6939421144535189e+01
# #     2.3890828802053748e-01  -4.2356304366884603e-02   9.7011791726339935e-01   1.7280621545080414e+03
# #     0.0000000000000000e+00   0.0000000000000000e+00   0.0000000000000000e+00   1.0000000000000000e+00
# # inverse of r44 matrix:
# #     2.0145174904063265e-01   9.4991579770186252e-01   2.3890828802053746e-01  -4.9047072129281599e+02
# #    -9.7515062844393874e-01   2.1745619173932779e-01  -4.2356304366884583e-02   2.7104760720587950e+02
# #    -9.2187009138280609e-02  -2.2443881560608636e-01   9.7011791726339924e-01  -1.6486697449345118e+03
# #     0.0000000000000000e+00   0.0000000000000000e+00   0.0000000000000000e+00   1.0000000000000000e+00
# # fx =   1.9023597506397296e+03 (pixels)
# # fy =   1.9111512699815967e+03 (pixels)
# # cx =   6.0987247693475524e+02 (pixels)
# # cy =   4.0700183398471523e+02 (pixels)
# # k1 =   2.2575771372064560e-01
# # k2 =   0.0000000000000000e+00
# # p1 =   0.0000000000000000e+00
# # p2 =   0.0000000000000000e+00
# 
