# Camera paramters. imgSize, rvec, tvec, cmat (flatten), dvec
  1.2000000000000000e+03
  8.0000000000000000e+02
  2.7211465050979367e-01
 -8.6361375348259051e-02
  1.2794802746856961e+00
  2.0844924815798717e+02
  3.5479000883703470e+01
  1.7426368430506673e+03
  1.9023597506397296e+03
  0.0000000000000000e+00
  6.0987247693475524e+02
  0.0000000000000000e+00
  1.9111512699815967e+03
  4.0700183398471523e+02
  0.0000000000000000e+00
  0.0000000000000000e+00
  1.0000000000000000e+00
  2.2575771372064560e-01
  0.0000000000000000e+00
  0.0000000000000000e+00
  0.0000000000000000e+00
  0.0000000000000000e+00
# # Image size (width, height) is (1200, 800)
# # rvec_x =   2.7211465050979367e-01
# # rvec_y =  -8.6361375348259051e-02
# # rvec_z =   1.2794802746856961e+00
# # tvec_x =   2.0844924815798717e+02
# # tvec_y =   3.5479000883703470e+01
# # tvec_z =   1.7426368430506673e+03
# # r44 matrix:
# #     2.8895326946565653e-01  -9.5339363415823597e-01   8.6871090770514622e-02   2.0844924815798717e+02
# #     9.3307201416534957e-01   2.6016248808635201e-01  -2.4837893665553887e-01   3.5479000883703470e+01
# #     2.1420229794875012e-01   1.5282688945100617e-01   9.6475972004131916e-01   1.7426368430506673e+03
# #     0.0000000000000000e+00   0.0000000000000000e+00   0.0000000000000000e+00   1.0000000000000000e+00
# # inverse of r44 matrix:
# #     2.8895326946565658e-01   9.3307201416535002e-01   2.1420229794875020e-01  -4.6661337085964823e+02
# #    -9.5339363415823630e-01   2.6016248808635212e-01   1.5282688945100623e-01  -7.6817887071981545e+01
# #     8.6871090770514650e-02  -2.4837893665553892e-01   9.6475972004131938e-01  -1.6905218098799332e+03
# #     0.0000000000000000e+00   0.0000000000000000e+00   0.0000000000000000e+00   1.0000000000000000e+00
# # fx =   1.9023597506397296e+03 (pixels)
# # fy =   1.9111512699815967e+03 (pixels)
# # cx =   6.0987247693475524e+02 (pixels)
# # cy =   4.0700183398471523e+02 (pixels)
# # k1 =   2.2575771372064560e-01
# # k2 =   0.0000000000000000e+00
# # p1 =   0.0000000000000000e+00
# # p2 =   0.0000000000000000e+00
# 
