# Camera paramters. imgSize, rvec, tvec, cmat (flatten), dvec
  1.2000000000000000e+03
  8.0000000000000000e+02
  2.5425015750052388e-01
 -1.8727823202620844e-01
  2.1709626723834758e+00
  3.2672386089639201e+02
  9.0169279907359964e+01
  1.7223179256718315e+03
  1.9023597506397296e+03
  0.0000000000000000e+00
  6.0987247693475524e+02
  0.0000000000000000e+00
  1.9111512699815967e+03
  4.0700183398471523e+02
  0.0000000000000000e+00
  0.0000000000000000e+00
  1.0000000000000000e+00
  2.2575771372064560e-01
  0.0000000000000000e+00
  0.0000000000000000e+00
  0.0000000000000000e+00
  0.0000000000000000e+00
# # Image size (width, height) is (1200, 800)
# # rvec_x =   2.5425015750052388e-01
# # rvec_y =  -1.8727823202620844e-01
# # rvec_z =   2.1709626723834758e+00
# # tvec_x =   3.2672386089639201e+02
# # tvec_y =   9.0169279907359964e+01
# # tvec_z =   1.7223179256718315e+03
# # r44 matrix:
# #    -5.6221537304607661e-01  -8.1933366179267209e-01   1.1227744637313500e-01   3.2672386089639201e+02
# #     7.8800117860100505e-01  -5.7194436192051124e-01  -2.2788986241332915e-01   9.0169279907359964e+01
# #     2.5093428788048833e-01  -3.9648423937787378e-02   9.6719180395884330e-01   1.7223179256718315e+03
# #     0.0000000000000000e+00   0.0000000000000000e+00   0.0000000000000000e+00   1.0000000000000000e+00
# # inverse of r44 matrix:
# #    -5.6221537304607661e-01   7.8800117860100527e-01   2.5093428788048838e-01  -3.1955294368594491e+02
# #    -8.1933366179267197e-01  -5.7194436192051135e-01  -3.9648423937787405e-02   3.8755485987741491e+02
# #     1.1227744637313501e-01  -2.2788986241332920e-01   9.6719180395884341e-01  -1.6819468374998130e+03
# #     0.0000000000000000e+00   0.0000000000000000e+00   0.0000000000000000e+00   1.0000000000000000e+00
# # fx =   1.9023597506397296e+03 (pixels)
# # fy =   1.9111512699815967e+03 (pixels)
# # cx =   6.0987247693475524e+02 (pixels)
# # cy =   4.0700183398471523e+02 (pixels)
# # k1 =   2.2575771372064560e-01
# # k2 =   0.0000000000000000e+00
# # p1 =   0.0000000000000000e+00
# # p2 =   0.0000000000000000e+00
# 
