# Camera paramters. imgSize, rvec, tvec, cmat (flatten), dvec
  6.0000000000000000e+03
  4.0000000000000000e+03
  1.2619150172239122e+00
  2.2441240846085685e-03
  3.6521131907740541e-02
 -5.2089751569998937e+00
  1.2834978042700347e+00
 -4.7021025172168035e-01
  4.9051693247426292e+03
  0.0000000000000000e+00
  3.0759607471121872e+03
  0.0000000000000000e+00
  4.9036987835306199e+03
  2.0054080972160489e+03
  0.0000000000000000e+00
  0.0000000000000000e+00
  1.0000000000000000e+00
 -3.2973767793894215e-02
  8.9823788433236171e-02
  3.0235853509729183e-03
  1.6054850495694910e-05
  0.0000000000000000e+00
# # Image size (width, height) is (6000, 4000)
# # rvec_x =   1.2619150172239122e+00
# # rvec_y =   2.2441240846085685e-03
# # rvec_z =   3.6521131907740541e-02
# # tvec_x =  -5.2089751569998937e+00
# # tvec_y =   1.2834978042700347e+00
# # tvec_z =  -4.7021025172168035e-01
# # r44 matrix:
# #     9.9941490186315052e-01  -2.6326859105448991e-02   2.1834615259049724e-02  -5.2089751569998937e+00
# #     2.8802060383295386e-02   3.0348997363119379e-01  -9.5239922155733303e-01   1.2834978042700347e+00
# #     1.8447093308862943e-02   9.5247085645440033e-01   3.0407066999872739e-01  -4.7021025172168035e-01
# #     0.0000000000000000e+00   0.0000000000000000e+00   0.0000000000000000e+00   1.0000000000000000e+00
# # inverse of r44 matrix:
# #     9.9941490186315096e-01   2.8802060383295396e-02   1.8447093308862950e-02   5.1776340264685210e+00
# #    -2.6326859105448998e-02   3.0348997363119390e-01   9.5247085645440055e-01  -7.8803108644740230e-02
# #     2.1834615259049735e-02  -9.5239922155733336e-01   3.0407066999872745e-01   1.4791154243856504e+00
# #     0.0000000000000000e+00   0.0000000000000000e+00   0.0000000000000000e+00   1.0000000000000000e+00
# # fx =   4.9051693247426292e+03 (pixels)
# # fy =   4.9036987835306199e+03 (pixels)
# # cx =   3.0759607471121872e+03 (pixels)
# # cy =   2.0054080972160489e+03 (pixels)
# # k1 =  -3.2973767793894215e-02
# # k2 =   8.9823788433236171e-02
# # p1 =   3.0235853509729183e-03
# # p2 =   1.6054850495694910e-05
# 
