# Camera paramters. imgSize, rvec, tvec, cmat (flatten), dvec
  6.0000000000000000e+03
  4.0000000000000000e+03
  1.1142626328430030e+00
 -2.1960228834120976e-01
  2.3318635043414437e-01
 -1.7257712646731689e+00
  5.6194247765260141e-01
 -2.8371236734856029e+00
  4.7184488660449388e+03
  0.0000000000000000e+00
  2.9995000000000000e+03
  0.0000000000000000e+00
  4.7127021688568138e+03
  1.9995000000000000e+03
  0.0000000000000000e+00
  0.0000000000000000e+00
  1.0000000000000000e+00
 -8.5721334682213060e-02
  0.0000000000000000e+00
  0.0000000000000000e+00
  0.0000000000000000e+00
  0.0000000000000000e+00
# # Image size (width, height) is (6000, 4000)
# # rvec_x =   1.1142626328430030e+00
# # rvec_y =  -2.1960228834120976e-01
# # rvec_z =   2.3318635043414437e-01
# # tvec_x =  -1.7257712646731689e+00
# # tvec_y =   5.6194247765260141e-01
# # tvec_z =  -2.8371236734856029e+00
# # r44 matrix:
# #     9.5419453136646459e-01  -2.9358837736851018e-01  -5.7607820514737146e-02  -1.7257712646731689e+00
# #     7.5104197773979156e-02   4.2142962365989134e-01  -9.0374577829089164e-01   5.6194247765260141e-01
# #     2.8960689872145640e-01   8.5802269024543143e-01   4.2417556181012178e-01  -2.8371236734856029e+00
# #     0.0000000000000000e+00   0.0000000000000000e+00   0.0000000000000000e+00   1.0000000000000000e+00
# # inverse of r44 matrix:
# #     9.5419453136646470e-01   7.5104197773979128e-02   2.8960689872145651e-01   2.4261678525286960e+00
# #    -2.9358837736851018e-01   4.2142962365989134e-01   8.5802269024543154e-01   1.6908308947028783e+00
# #    -5.7607820514737104e-02  -9.0374577829089164e-01   4.2417556181012178e-01   1.6118737486816317e+00
# #     0.0000000000000000e+00   0.0000000000000000e+00   0.0000000000000000e+00   1.0000000000000000e+00
# # fx =   4.7184488660449388e+03 (pixels)
# # fy =   4.7127021688568138e+03 (pixels)
# # cx =   2.9995000000000000e+03 (pixels)
# # cy =   1.9995000000000000e+03 (pixels)
# # k1 =  -8.5721334682213060e-02
# # k2 =   0.0000000000000000e+00
# # p1 =   0.0000000000000000e+00
# # p2 =   0.0000000000000000e+00
# 
